[
[
[422,706,3],
[353,824,3],
[353,422,2],
[166,509,2],
[135,422,2],
[135,166,2],
[618,745,1],
[135,618,1]
],
[
[75,139,3],
[645,885,2],
[610,885,2],
[269,852,2],
[75,852,2],
[75,610,2],
[151,645,1],
[139,498,1]
],
[
[131,530,3],
[131,385,3],
[11,385,3],
[451,817,2],
[280,817,2],
[131,451,2],
[131,132,2]
],
[
[452,499,3],
[499,904,2],
[452,643,2],
[17,173,2],
[173,882,1],
[17,643,1]
],
[
[464,475,3],
[615,716,2],
[475,716,1],
[453,615,1],
[394,716,1]
],
[
[748,756,3],
[702,756,3],
[702,754,2],
[144,748,2],
[144,462,2]
],
[
[182,767,3],
[102,182,2],
[165,765,1],
[102,765,1],
[102,223,1]
],
[
[378,831,3],
[378,556,3],
[317,831,2],
[317,781,2],
[72,781,2]
],
[
[405,810,3],
[244,501,3],
[244,405,3],
[50,825,3],
[405,825,1]
],
[
[671,895,3],
[259,895,3],
[719,895,2],
[535,719,1]
],
[
[373,686,3],
[373,666,1],
[308,686,1],
[240,666,1]
],
[
[678,737,1],
[187,678,1],
[149,861,1],
[149,187,1]
],
[
[252,809,3],
[210,843,3],
[136,843,3],
[809,843,1]
],
[
[697,790,3],
[661,790,2],
[697,893,1]
],
[
[629,774,3],
[571,629,2],
[629,681,1]
],
[
[503,611,3],
[611,975,2],
[960,975,1]
],
[
[426,428,3],
[338,855,3],
[338,426,1]
],
[
[345,900,3],
[156,591,3],
[156,345,1]
],
[
[775,792,2],
[437,792,2],
[66,437,2]
],
[
[57,884,3],
[47,57,3],
[57,301,1]
],
[
[266,581,3],
[42,581,2],
[15,581,1]
],
[
[4,86,3],
[4,996,1],
[4,150,1]
],
[
[2,554,2],
[2,262,2],
[262,758,1]
],
[
[949,959,3],
[759,959,3]
],
[
[725,849,2],
[849,946,1]
],
[
[730,943,2],
[549,730,1]
],
[
[531,908,3],
[531,881,2]
],
[
[651,891,3],
[525,891,2]
],
[
[506,683,3],
[680,683,1]
],
[
[505,837,3],
[837,901,1]
],
[
[441,572,3],
[572,739,1]
],
[
[694,818,2],
[391,694,2]
],
[
[383,961,2],
[751,961,1]
],
[
[291,608,2],
[291,463,1]
],
[
[287,481,3],
[278,287,1]
],
[
[272,980,2],
[272,576,1]
],
[
[267,418,3],
[277,418,1]
],
[
[265,727,2],
[631,727,1]
],
[
[234,370,1],
[234,367,1]
],
[
[224,740,3],
[224,404,3]
],
[
[190,221,1],
[167,221,1]
],
[
[414,551,2],
[129,551,2]
],
[
[469,773,3],
[124,469,2]
],
[
[175,319,1],
[115,175,1]
],
[
[822,953,3],
[113,822,1]
],
[
[108,482,3],
[482,834,1]
],
[
[360,541,1],
[100,541,1]
],
[
[93,941,3],
[93,721,3]
],
[
[399,567,3],
[74,567,1]
],
[
[61,260,3],
[61,431,1]
],
[
[58,660,1],
[58,458,1]
],
[
[39,137,1],
[39,98,1]
],
[
[584,736,3],
[38,584,2]
],
[
[29,382,3],
[382,685,2]
],
[
[27,133,2],
[133,434,1]
],
[
[473,954,1],
[20,954,1]
],
[
[45,670,2],
[10,45,1]
],
[
[868,935,1]
],
[
[846,915,2]
],
[
[839,880,3]
],
[
[838,896,2]
],
[
[836,986,2]
],
[
[771,944,1]
],
[
[753,969,2]
],
[
[741,853,3]
],
[
[729,785,3]
],
[
[715,968,3]
],
[
[699,752,1]
],
[
[648,791,2]
],
[
[634,695,2]
],
[
[627,770,2]
],
[
[614,850,3]
],
[
[612,688,1]
],
[
[596,628,2]
],
[
[594,995,1]
],
[
[578,972,2]
],
[
[569,696,2]
],
[
[564,902,3]
],
[
[545,857,3]
],
[
[542,823,1]
],
[
[523,764,1]
],
[
[520,673,3]
],
[
[512,698,3]
],
[
[494,970,1]
],
[
[493,914,1]
],
[
[491,712,3]
],
[
[488,763,2]
],
[
[487,735,2]
],
[
[486,907,2]
],
[
[484,720,3]
],
[
[449,864,1]
],
[
[447,738,1]
],
[
[445,682,1]
],
[
[433,974,3]
],
[
[432,866,3]
],
[
[411,489,2]
],
[
[397,446,3]
],
[
[376,806,3]
],
[
[359,597,2]
],
[
[352,923,3]
],
[
[349,476,1]
],
[
[339,991,2]
],
[
[335,366,1]
],
[
[331,840,1]
],
[
[307,472,1]
],
[
[304,804,1]
],
[
[303,588,1]
],
[
[302,640,2]
],
[
[295,563,2]
],
[
[293,931,1]
],
[
[279,401,1]
],
[
[273,381,3]
],
[
[264,835,1]
],
[
[245,984,1]
],
[
[243,284,1]
],
[
[230,687,3]
],
[
[228,281,1]
],
[
[222,460,2]
],
[
[211,816,2]
],
[
[202,566,2]
],
[
[200,867,1]
],
[
[179,971,3]
],
[
[170,799,3]
],
[
[169,286,3]
],
[
[164,630,1]
],
[
[163,872,3]
],
[
[162,622,3]
],
[
[141,929,1]
],
[
[134,537,3]
],
[
[130,253,1]
],
[
[125,258,1]
],
[
[123,568,3]
],
[
[109,311,3]
],
[
[92,171,3]
],
[
[88,526,1]
],
[
[80,195,1]
],
[
[76,180,2]
],
[
[73,161,1]
],
[
[63,416,2]
],
[
[44,296,3]
],
[
[36,470,1]
],
[
[35,380,1]
],
[
[31,116,3]
],
[
[24,951,2]
],
[
[19,878,2]
],
[
[14,812,1]
],
[
[5,90,1]
],
[
],
[
],
[
],
[
],
[
],
[
],
[
],
[
],
[
],
[
],
[
],
[
],
[
],
[
],
[
],
[
],
[
],
[
],
[
],
[
],
[
],
[
],
[
],
[
],
[
],
[
],
[
],
[
],
[
],
[
],
[
],
[
],
[
],
[
],
[
],
[
],
[
],
[
],
[
],
[
],
[
],
[
],
[
],
[
],
[
],
[
],
[
],
[
],
[
],
[
],
[
],
[
],
[
],
[
],
[
],
[
],
[
],
[
],
[
],
[
],
[
],
[
],
[
],
[
],
[
],
[
],
[
],
[
],
[
],
[
],
[
],
[
],
[
],
[
],
[
],
[
],
[
],
[
],
[
],
[
],
[
],
[
],
[
],
[
],
[
],
[
],
[
],
[
],
[
],
[
],
[
],
[
],
[
],
[
],
[
],
[
],
[
],
[
],
[
],
[
],
[
],
[
],
[
],
[
],
[
],
[
],
[
],
[
],
[
],
[
],
[
],
[
],
[
],
[
],
[
],
[
],
[
],
[
],
[
],
[
],
[
],
[
],
[
],
[
],
[
],
[
],
[
],
[
],
[
],
[
],
[
],
[
],
[
],
[
],
[
],
[
],
[
],
[
],
[
],
[
],
[
],
[
],
[
],
[
],
[
],
[
],
[
],
[
],
[
],
[
],
[
],
[
],
[
],
[
],
[
],
[
],
[
],
[
],
[
],
[
],
[
],
[
],
[
],
[
],
[
],
[
],
[
],
[
],
[
],
[
],
[
],
[
],
[
],
[
],
[
],
[
],
[
],
[
],
[
],
[
],
[
],
[
],
[
],
[
],
[
],
[
],
[
],
[
],
[
],
[
],
[
],
[
],
[
],
[
],
[
],
[
],
[
],
[
],
[
],
[
],
[
],
[
],
[
],
[
],
[
],
[
],
[
],
[
],
[
],
[
],
[
],
[
],
[
],
[
],
[
],
[
],
[
],
[
],
[
],
[
],
[
],
[
],
[
],
[
],
[
],
[
],
[
],
[
],
[
],
[
],
[
],
[
],
[
],
[
],
[
],
[
],
[
],
[
],
[
],
[
],
[
],
[
],
[
],
[
],
[
],
[
],
[
],
[
],
[
],
[
],
[
],
[
],
[
],
[
],
[
],
[
],
[
],
[
],
[
],
[
],
[
],
[
],
[
],
[
],
[
],
[
],
[
],
[
],
[
],
[
],
[
],
[
],
[
],
[
],
[
],
[
],
[
],
[
],
[
],
[
],
[
],
[
],
[
],
[
],
[
],
[
],
[
],
[
],
[
],
[
],
[
],
[
],
[
],
[
],
[
],
[
],
[
],
[
],
[
],
[
],
[
],
[
],
[
],
[
],
[
],
[
],
[
],
[
],
[
],
[
],
[
],
[
],
[
],
[
],
[
],
[
],
[
],
[
],
[
],
[
],
[
],
[
],
[
],
[
],
[
],
[
],
[
],
[
],
[
],
[
],
[
],
[
],
[
],
[
],
[
],
[
],
[
],
[
],
[
],
[
],
[
],
[
],
[
],
[
],
[
],
[
],
[
],
[
],
[
],
[
],
[
],
[
],
[
],
[
],
[
],
[
],
[
],
[
],
[
],
[
],
[
],
[
],
[
],
[
],
[
],
[
],
[
],
[
],
[
],
[
],
[
],
[
],
[
],
[
],
[
],
[
],
[
],
[
],
[
],
[
],
[
],
[
],
[
],
[
],
[
],
[
],
[
],
[
],
[
],
[
],
[
],
[
],
[
],
[
],
[
],
[
],
[
],
[
],
[
],
[
],
[
],
[
],
[
],
[
],
[
],
[
],
[
],
[
],
[
],
[
],
[
],
[
],
[
],
[
],
[
],
[
],
[
],
[
],
[
],
[
],
[
],
[
],
[
],
[
],
[
],
[
],
[
],
[
],
[
],
[
],
[
],
[
],
[
],
[
],
[
],
[
],
[
],
[
],
[
],
[
],
[
],
[
],
[
],
[
],
[
],
[
],
[
],
[
],
[
],
[
],
[
],
[
],
[
],
[
],
[
],
[
],
[
],
[
],
[
],
[
],
[
],
[
],
[
],
[
],
[
],
[
],
[
],
[
],
[
],
[
],
[
],
[
],
[
],
[
],
[
],
[
],
[
],
[
],
[
],
[
],
[
],
[
],
[
],
[
],
[
],
[
],
[
],
[
],
[
],
[
],
[
],
[
],
[
],
[
],
[
],
[
],
[
],
[
],
[
],
[
],
[
],
[
],
[
],
[
],
[
],
[
],
[
],
[
],
[
],
[
],
[
],
[
],
[
],
[
],
[
],
[
],
[
],
[
],
[
],
[
],
[
],
[
],
[
],
[
],
[
],
[
],
[
],
[
],
[
],
[
],
[
],
[
],
[
],
[
],
[
],
[
],
[
],
[
],
[
],
[
],
[
],
[
],
[
],
[
],
[
],
[
],
[
],
[
],
[
],
[
],
[
],
[
],
[
],
[
],
[
],
[
],
[
],
[
],
[
],
[
],
[
],
[
],
[
],
[
],
[
],
[
],
[
],
[
],
[
],
[
],
[
],
[
],
[
],
[
],
[
],
[
],
[
],
[
],
[
],
[
],
[
],
[
],
[
],
[
],
[
],
[
],
[
],
[
],
[
],
[
],
[
],
[
]
]