997
742
739
106 127 6
554 2 2
934 758 6
628 596 2
159 67 9
471 908 8
635 369 6
20 954 1
405 810 3
833 653 5
160 759 6
378 831 3
81 768 4
493 914 1
738 590 8
921 64 6
752 699 1
959 236 8
542 641 9
486 991 8
669 748 6
50 99 9
131 385 3
141 302 6
880 409 4
321 473 8
689 817 7
925 308 5
86 641 8
594 630 8
266 895 5
830 995 6
961 383 2
106 202 8
503 611 3
341 601 5
931 293 1
487 735 2
102 338 5
717 932 8
716 732 5
549 730 1
31 116 3
651 832 4
157 446 9
15 50 6
946 857 7
951 112 6
450 563 6
899 400 6
618 135 1
685 382 2
716 15 8
370 847 4
44 296 3
59 860 9
522 237 9
476 349 1
50 799 8
824 218 8
575 837 5
952 42 4
262 758 1
132 131 2
550 689 5
265 937 7
787 177 6
781 526 7
831 842 7
175 64 8
267 418 3
222 460 2
221 167 1
866 432 3
558 992 9
823 933 8
130 113 6
911 157 5
262 2 2
437 66 2
221 484 6
443 461 8
445 682 1
610 68 7
811 143 4
648 483 9
266 614 7
670 45 2
686 308 1
249 262 6
720 484 3
93 444 5
247 406 6
86 19 6
839 831 9
108 482 3
266 581 3
936 144 5
626 452 8
392 231 5
629 715 8
240 677 5
4 86 3
90 106 4
937 886 7
853 383 5
526 176 8
175 319 1
331 228 7
545 857 3
850 614 3
710 619 5
809 709 9
731 159 9
137 715 9
507 101 9
462 144 2
561 833 4
629 681 1
229 138 6
596 269 9
824 888 4
636 118 6
884 277 5
24 509 4
48 127 6
511 785 8
75 139 3
222 820 5
154 567 7
135 166 2
842 507 7
850 146 5
266 547 8
58 88 5
647 137 8
791 648 2
666 240 1
590 462 8
791 133 6
782 630 8
627 141 7
481 287 3
264 835 1
322 923 8
487 577 8
281 228 1
464 469 4
571 448 4
880 582 4
531 881 2
822 29 4
133 27 2
608 291 2
530 131 3
923 618 6
916 416 4
813 881 7
753 969 2
75 852 2
345 900 3
762 725 7
806 376 3
501 249 6
35 380 1
475 1 9
394 418 5
211 816 2
481 788 7
73 161 1
932 64 6
697 790 3
506 683 3
678 187 1
53 736 5
552 214 8
789 609 7
480 337 7
123 818 9
651 891 3
287 133 5
594 995 1
280 817 2
981 889 9
721 859 9
935 347 8
64 284 5
401 523 5
736 584 3
631 807 5
975 611 2
22 208 4
90 5 1
836 986 2
638 710 8
509 166 2
687 230 3
861 149 1
645 885 2
115 36 4
781 528 6
584 551 4
899 641 4
38 995 7
66 636 5
663 713 7
867 461 7
610 885 2
15 581 1
602 793 7
719 895 2
79 797 7
923 352 3
277 418 1
825 405 1
58 660 1
36 470 1
163 872 3
179 971 3
745 576 6
359 812 9
525 891 2
366 335 1
688 612 1
954 902 5
530 83 6
566 553 7
730 943 2
426 917 5
688 13 4
50 825 3
92 720 7
458 58 1
149 187 1
830 145 8
172 675 8
553 244 5
712 491 3
544 917 8
577 608 8
92 659 5
15 268 5
631 727 1
328 393 4
8 226 6
590 912 8
773 469 3
512 698 3
245 984 1
822 113 1
431 289 8
447 557 4
595 801 5
440 198 9
448 938 7
555 854 5
331 840 1
360 541 1
588 303 1
452 643 2
962 77 5
950 41 4
169 153 6
157 593 7
137 44 9
735 600 6
448 708 9
809 252 3
72 781 2
715 968 3
793 446 5
834 482 1
505 837 3
101 392 6
660 886 8
777 754 6
228 465 5
554 234 7
472 307 1
842 25 9
694 818 2
17 173 2
988 195 7
296 21 5
473 425 4
767 182 3
165 497 7
399 567 3
706 422 3
249 248 9
584 38 2
124 469 2
279 283 9
702 756 3
650 527 4
305 43 9
802 627 7
173 904 6
591 156 3
224 740 3
357 532 7
996 4 1
278 287 1
980 561 4
151 605 8
456 165 9
775 792 2
664 482 8
976 77 5
57 301 1
172 176 8
115 175 1
510 967 6
897 950 6
104 265 6
77 430 6
369 740 8
37 225 8
16 816 5
73 635 6
760 811 7
392 503 9
473 954 1
940 132 7
562 397 5
156 345 1
526 88 1
563 827 9
579 647 6
170 799 3
447 130 9
150 652 9
609 581 6
258 125 1
656 296 9
518 813 6
123 568 3
950 895 4
117 780 4
433 974 3
254 483 9
906 745 8
843 937 8
969 102 8
782 421 9
598 269 8
683 680 1
99 705 4
396 899 9
373 544 5
144 30 4
53 775 5
602 622 4
413 111 4
880 893 6
385 11 3
13 695 6
109 311 3
836 707 4
2 597 8
729 258 8
825 742 5
430 881 9
844 992 5
244 405 3
630 417 9
643 629 5
269 940 8
167 102 5
281 522 8
539 489 6
367 234 1
314 119 9
628 976 5
551 414 2
485 917 4
117 688 4
915 94 8
535 719 1
80 595 8
130 962 4
279 933 4
955 82 4
878 633 6
434 121 6
150 752 6
136 843 3
745 618 1
467 674 4
64 272 4
709 751 5
914 33 7
512 983 4
662 923 5
488 569 5
141 929 1
886 550 4
871 227 9
452 499 3
164 767 8
81 318 9
542 823 1
528 727 7
968 67 7
785 72 5
669 728 7
537 134 3
955 522 5
987 975 9
216 142 9
904 738 7
543 283 5
212 328 7
543 299 6
177 601 9
381 273 3
810 643 8
286 169 3
790 661 2
9 803 4
431 61 1
491 344 6
220 189 5
763 488 2
941 93 3
839 880 3
391 694 2
630 497 9
304 804 1
939 331 8
796 279 8
770 150 4
991 339 2
274 345 6
732 952 9
575 835 4
483 49 8
117 63 8
935 868 1
394 716 1
194 995 4
901 285 9
401 279 1
813 71 4
817 803 4
708 895 5
29 382 3
904 499 2
951 764 5
348 483 9
542 481 5
960 766 4
879 563 7
695 634 2
516 954 8
741 853 3
771 238 9
678 737 1
222 691 9
820 556 9
223 102 1
713 579 5
960 975 1
821 674 5
640 707 8
451 817 2
739 572 1
934 826 4
673 520 3
497 593 4
720 695 7
437 792 2
914 770 6
738 447 1
895 671 3
302 640 2
735 382 5
516 834 6
538 510 7
10 45 1
248 257 8
202 566 2
119 340 8
375 304 5
171 92 3
182 827 5
346 869 4
401 383 6
486 907 2
126 672 6
838 874 9
887 511 8
641 886 8
622 162 3
794 769 6
493 599 8
291 463 1
501 864 9
194 868 4
928 994 9
440 353 7
243 168 5
884 57 3
27 734 8
821 506 6
831 622 7
125 602 8
627 470 9
338 855 3
269 852 2
227 208 5
263 965 4
234 370 1
446 397 3
393 735 8
696 569 2
906 694 7
896 838 2
52 179 5
309 449 6
830 193 5
494 970 1
840 721 7
247 170 6
902 564 3
69 777 7
373 686 3
765 102 1
610 898 5
576 24 6
286 356 7
174 182 9
361 943 6
946 849 1
271 918 9
166 294 9
272 576 1
702 754 2
829 655 9
922 197 6
725 70 8
501 244 3
2 606 7
72 680 8
343 118 9
26 927 7
506 585 4
264 124 9
436 640 9
150 4 1
221 190 1
979 74 4
419 726 7
102 182 2
167 547 5
915 846 2
20 881 6
144 748 2
301 58 8
306 94 8
631 777 4
173 882 1
416 63 2
598 101 6
765 165 1
200 528 4
220 412 9
164 630 1
222 721 8
830 518 8
464 812 5
154 215 6
570 792 7
893 697 1
61 260 3
107 512 6
519 720 7
200 867 1
937 591 9
770 627 2
442 101 4
174 776 6
966 97 5
862 311 7
441 572 3
87 155 8
909 785 4
849 725 2
795 15 9
253 890 4
163 581 9
129 551 2
297 930 7
405 888 4
953 258 5
541 100 1
843 809 1
571 629 2
80 195 1
487 572 4
71 728 5
139 498 1
73 580 7
961 751 1
918 13 8
976 627 9
822 953 3
223 16 6
418 373 9
990 410 6
721 93 3
223 74 7
803 460 9
75 533 7
88 448 4
117 705 7
422 135 2
645 151 1
581 42 2
574 452 8
813 63 4
39 137 1
359 597 2
434 133 1
39 98 1
785 729 3
973 154 5
781 317 2
771 898 6
464 475 3
447 805 9
344 361 7
259 721 4
641 672 5
443 229 6
643 17 1
550 508 5
110 292 8
304 66 9
57 47 3
262 494 5
531 355 6
453 615 1
973 773 6
628 733 9
896 893 8
896 447 7
567 74 1
556 378 3
959 949 3
358 214 5
563 262 9
615 716 2
422 692 6
901 837 1
130 253 1
373 666 1
127 237 6
687 310 7
272 980 2
148 712 9
711 974 9
843 210 3
268 419 5
774 629 3
30 727 9
697 307 9
957 554 4
989 387 7
489 411 2
204 122 6
696 391 7
423 836 8
843 266 6
620 895 9
167 625 9
864 449 1
832 410 6
916 133 6
408 544 7
667 295 5
575 70 6
414 628 4
680 875 7
578 972 2
721 296 5
173 485 8
100 231 6
19 878 2
428 426 3
75 610 2
418 188 8
187 120 7
831 317 2
583 896 7
534 137 4
353 824 3
7 925 4
771 944 1
206 889 5
37 964 6
163 899 4
873 90 4
218 921 4
951 24 2
180 76 2
703 429 9
230 436 6
986 724 8
143 930 7
723 967 8
433 647 8
845 524 5
895 259 3
265 727 2
531 908 3
451 131 2
681 875 9
357 381 8
494 524 5
523 764 1
37 200 5
563 295 2
975 554 8
243 284 1
709 975 4
357 966 6
236 427 7
134 98 8
659 731 5
426 338 1
144 109 8
224 404 3
716 475 1
959 759 3
253 986 8
995 860 5
938 613 5
756 748 3
70 410 7
422 353 2
812 14 1
